1594 1591 26275 2805 2806
8659 219 217 60496 6566
9194 11164 53343 5832 212
23464 211 8854 501 224
223 216 221 220 218
222 113451 83884 10166 10165
8604 3141 622 166785 8760
1040 51805 84274 10229 84532
1431 160728 1576 1558 1565
1577 5446 7263 1716 7083
7084 3704 1854 2235 2356
4329 7915 1738 2653 275
2731 6470 6472 2746 2747
2639 83733 79751 9380 2713
2710 2712 3029 84264 2936
3032 3030 3033 3028 1962
11112 3157 3158 7352 9016
9481 3945 3939 197257 3948
160287 55293 92483 64087 56922
4191 4190 130752 23417 25902
10797 4522 100287639 441024 349565
1583 5833 10400 122970 10005
2168 5250 55229 79646 80025
53354 57818 92579 2538 27068
8612 8613 8611 64077 5464
5095 5096 58510 5625 10157
6648 6649 6647 23530 7296
10587 1593 366 23761
