1594 1591 18 64902 26275
2805 2806 8659 219 217
60496 501 6566 9194 11164
53343 56985 7226 5832 212
23464 211 8854 224 223
216 218 221 222 220
113451 83884 10166 10165 8604
3141 622 166785 8760 1040
51805 84274 10229 84532 1431
160728 1576 1558 1565 1577
5446 7263 4357 1716 7083
7084 3704 1854 2235 2356
4329 7915 1738 2653 275
2731 6470 6472 2746 2747
2639 83733 79751 9380 2713
2710 2712 256356 3029 84264
2936 3032 3030 3033 3028
1962 11112 3157 3158 7352
9016 9481 7351 7350 3945
3939 197257 3948 160287 55293
92483 64087 56922 4191 4190
130752 23417 25902 10797 441024
4522 100287639 349565 23057 64802
1583 5091 5833 10400 122970
10005 2168 5250 55229 79646
80025 53354 27068 5464 64077
57818 92579 2538 8612 8613
8611 5095 5096 58510 5625
10157 6648 6649 6647 23530
1593 120227 5810 5883 11219
11277 366 23761 10840
